32 0.35 0 0 1 2 4 4 3 3 4 1 2 4 1 2 0 3 4 1 0 1 2 1 1 0 1 1 1 1
40 0.35 0 0 1 1 4 4 4 3 4 2 3 4 2 3 0 2 2 0 0 1 1 1 0 0 2 2 1 1
46 0.35 0 0 1 1 4 4 3 3 4 2 4 4 3 2 1 2 2 0 0 1 1 1 0 0 2 1 1 1
81 0.35 1 1 1 1 4 3 3 4 4 3 4 4 1 2 0 1 4 1 1 0 0 0 0 0 1 2 2 0
86 0.35 1 0 0 1 4 4 4 4 4 2 4 3 2 3 0 1 2 2 0 0 1 1 1 1 1 1 1 0
88 0.35 1 0 0 1 4 4 4 3 4 2 4 3 2 2 0 1 2 2 1 0 1 1 1 1 2 1 1 0
43 0.36 0 1 1 1 4 4 2 3 4 2 3 4 3 2 0 2 2 1 0 1 1 1 0 0 3 2 0 1
60 0.36 0 0 1 1 4 3 3 3 4 2 4 3 3 2 0 2 3 0 1 1 1 0 1 2 1 1 1 1
80 0.36 0 1 0 0 4 4 4 4 4 2 3 3 2 3 0 1 2 1 0 1 1 1 2 0 1 2 1 1
82 0.36 1 1 0 1 4 3 3 4 4 2 3 4 2 2 0 1 3 1 0 1 1 1 0 1 1 3 1 0
38 0.37 0 1 1 1 3 4 4 4 4 2 3 3 2 2 0 2 2 1 0 1 2 2 0 0 2 2 0 0
55 0.37 0 0 0 0 4 3 3 2 4 3 4 3 2 2 1 1 3 1 1 1 1 0 0 2 2 2 2 1
84 0.37 1 0 1 1 4 4 4 3 4 2 3 3 1 2 0 2 2 1 0 1 1 1 1 2 1 2 1 0
85 0.38 0 0 0 1 4 4 4 4 4 2 3 3 2 3 0 2 2 2 1 1 1 0 1 0 1 1 1 1
54 0.40 1 1 1 1 4 4 4 3 4 1 4 3 2 2 0 1 3 1 0 0 1 1 1 0 1 2 1 1





0-1
0-1
0-1
0-[2]

[3]-4

3-4
[2]-4
[2]-4
4
[1]-[3]
[2]-4
3-4
1-3

2-3
0-[1]
1-[3]

2-[4]
0-2
0-1

[0]-1
[0]-[2]
0-[2]
0-[2]
0-2

0-2
1-[3]
0-[2]
0-1
