 0 0.11 0 0 4 1 4 3 2 2 0 1 4 2 1 0 0 3 4 0 0 0 3 0 3 4 1 0 3 2
 1 0.13 2 1 2 2 4 3 2 1 2 1 4 1 0 2 1 2 2 0 1 0 3 3 2 1 3 2 0 1
 2 0.14 2 1 1 2 4 3 2 1 2 1 4 1 0 2 1 2 2 0 1 0 3 4 2 1 3 2 0 1
 3 0.15 1 2 2 2 4 3 2 3 1 1 4 1 0 2 1 2 0 0 2 0 2 3 2 1 2 2 1 2
 4 0.16 1 0 1 2 4 3 3 2 2 1 2 2 1 1 1 1 3 1 1 0 2 3 2 1 3 2 1 2
 5 0.16 1 0 1 2 4 3 3 2 3 1 3 3 1 1 0 2 1 0 2 1 2 1 2 2 3 0 2 2
 6 0.18 1 1 1 2 4 3 3 2 3 1 3 2 1 1 0 2 1 1 3 1 2 1 2 1 2 0 2 2
 7 0.23 0 1 1 2 4 4 3 2 2 1 3 3 1 1 0 2 2 0 3 1 2 1 1 2 2 0 2 2
 8 0.22 1 1 1 2 4 2 2 2 4 2 3 2 1 2 0 2 2 0 2 0 1 1 2 3 1 2 1 2
 9 0.19 1 0 2 2 3 3 3 3 3 2 3 2 0 0 0 2 1 0 3 1 2 1 1 2 3 0 3 2
10 0.20 1 0 1 3 4 2 2 3 3 2 3 3 2 2 0 2 2 0 3 0 1 0 2 1 1 1 2 2
11 0.22 1 1 1 2 3 3 4 4 4 0 4 3 1 1 0 2 3 0 2 0 1 1 2 1 2 1 0 1
12 0.25 1 0 1 2 4 3 3 4 4 1 3 3 0 2 0 2 4 0 2 1 1 0 2 1 1 1 1 1
13 0.30 1 0 1 1 4 3 3 4 4 1 3 2 0 3 1 2 1 1 1 1 1 0 2 2 2 2 1 1
14 0.25 1 1 1 1 4 3 3 4 4 2 3 2 0 3 0 2 2 1 1 2 1 0 2 2 0 2 1 0
15 0.24 1 1 0 2 3 3 3 4 4 2 3 4 0 2 0 1 2 1 1 1 1 1 1 2 1 3 0 1
16 0.25 1 1 1 1 4 2 3 4 4 0 3 4 1 2 0 2 2 0 0 2 2 0 2 1 1 2 1 2
17 0.26 0 1 2 1 4 3 2 4 3 0 3 4 1 2 1 3 2 0 1 1 0 0 2 1 2 2 1 2
18 0.24 1 1 1 1 3 2 4 4 4 0 3 4 2 2 1 1 1 1 0 1 2 0 2 1 1 2 2 1
19 0.26 1 1 2 1 4 2 2 4 4 1 4 3 1 2 0 2 3 0 2 0 2 0 2 1 1 1 1 1
20 0.26 1 0 0 1 4 3 2 3 4 1 3 3 1 2 1 2 4 0 2 1 1 1 2 0 3 2 0 1
21 0.28 1 1 1 2 4 2 3 4 4 1 4 3 1 3 0 1 2 0 2 1 1 0 2 1 1 1 1 1
22 0.26 1 1 1 1 4 3 2 4 4 1 3 3 2 3 1 2 3 0 0 1 1 0 2 0 2 1 1 1
23 0.27 1 1 1 1 4 3 4 3 4 1 2 3 2 3 1 2 2 0 0 1 1 0 1 1 2 1 1 2
24 0.33 1 1 1 1 4 2 4 4 4 1 2 3 2 3 0 2 3 0 1 1 1 0 1 0 2 1 2 1
25 0.27 1 1 1 1 4 3 4 4 4 1 3 2 2 3 0 2 3 0 1 1 1 0 2 0 1 1 1 1
26 0.33 1 1 1 1 4 3 4 4 4 1 2 3 1 3 0 2 3 1 3 1 0 0 1 0 1 1 1 1
27 0.27 1 2 1 0 4 4 3 4 4 1 3 3 1 2 0 2 3 1 1 2 1 0 1 0 2 1 1 0
28 0.26 1 1 1 2 3 4 3 4 4 1 2 3 1 2 0 2 3 1 1 1 2 1 1 1 1 1 1 0
29 0.29 0 0 1 3 4 3 3 4 4 1 2 3 2 2 0 2 3 2 1 1 2 1 1 0 2 1 0 0
30 0.32 0 1 1 2 4 3 4 4 3 1 3 3 2 2 0 2 3 2 0 2 2 0 1 0 1 1 1 0
31 0.29 0 0 1 2 4 4 4 4 4 1 3 3 1 2 1 4 2 1 0 1 2 1 0 0 1 1 1 0
32 0.35 0 0 1 2 4 4 3 3 4 1 2 4 1 2 0 3 4 1 0 1 2 1 1 0 1 1 1 1
33 0.34 0 0 1 1 4 4 3 4 4 1 2 4 1 2 0 3 3 2 0 1 2 1 1 0 1 1 1 1
34 0.32 0 1 1 2 4 4 4 4 4 1 3 4 1 1 1 2 3 1 0 1 2 0 0 0 1 1 1 1
35 0.34 0 0 0 2 4 4 3 3 4 1 3 3 1 2 1 4 3 0 1 1 1 1 2 1 1 1 1 0
36 0.31 1 1 1 1 4 4 3 4 3 1 3 4 2 2 1 1 1 2 0 0 3 1 0 0 1 2 2 0
37 0.32 1 1 0 1 4 4 4 1 4 2 3 3 2 2 1 2 3 1 1 1 2 0 0 0 2 1 1 1
38 0.37 0 1 1 1 3 4 4 4 4 2 3 3 2 2 0 2 2 1 0 1 2 2 0 0 2 2 0 0
39 0.31 0 1 1 1 4 4 3 2 4 2 3 2 2 2 0 2 2 1 0 1 4 2 1 0 2 1 1 0
40 0.35 0 0 1 1 4 4 4 3 4 2 3 4 2 3 0 2 2 0 0 1 1 1 0 0 2 2 1 1
41 0.32 0 1 1 1 4 4 4 2 4 3 2 4 3 2 0 1 3 0 0 1 1 2 0 0 2 2 1 0
42 0.28 0 1 1 1 4 4 3 2 4 3 3 4 3 2 0 1 2 1 0 1 1 2 0 0 2 2 0 1
43 0.36 0 1 1 1 4 4 2 3 4 2 3 4 3 2 0 2 2 1 0 1 1 1 0 0 3 2 0 1
44 0.33 0 1 1 1 4 3 4 3 4 1 3 4 3 3 0 2 2 0 0 1 2 1 1 0 1 1 1 1
45 0.33 0 1 0 1 4 4 3 3 3 3 3 4 3 1 1 2 2 1 0 1 1 1 0 1 2 2 0 1
46 0.35 0 0 1 1 4 4 3 3 4 2 4 4 3 2 1 2 2 0 0 1 1 1 0 0 2 1 1 1
47 0.33 1 1 0 1 4 3 4 3 4 2 3 4 2 2 0 2 2 1 0 0 1 0 0 1 2 2 1 2
48 0.33 1 1 0 1 4 3 4 3 4 2 3 4 2 2 0 2 2 1 0 0 0 0 0 1 2 3 1 2
49 0.31 0 1 1 1 4 3 3 3 4 2 4 4 3 2 1 2 1 2 0 0 0 0 0 1 2 1 1 2
50 0.32 0 0 2 2 4 3 3 3 4 2 3 4 2 1 0 2 3 1 0 0 0 1 1 1 2 1 2 1
51 0.30 0 0 1 2 4 3 3 3 4 1 4 3 2 2 1 2 3 0 0 1 1 1 1 0 2 1 1 2
52 0.29 1 0 1 1 4 3 3 2 4 1 4 4 3 2 0 2 3 1 1 0 1 0 1 2 2 0 1 1
53 0.32 0 1 1 1 4 4 3 3 4 1 4 2 3 2 1 1 2 2 0 1 1 0 1 1 1 2 1 1
54 0.40 1 1 1 1 4 4 4 3 4 1 4 3 2 2 0 1 3 1 0 0 1 1 1 0 1 2 1 1
55 0.37 0 0 0 0 4 3 3 2 4 3 4 3 2 2 1 1 3 1 1 1 1 0 0 2 2 2 2 1
56 0.31 0 0 2 2 3 4 4 1 4 1 4 3 2 1 0 1 4 2 1 0 1 1 1 1 3 1 1 0
57 0.29 0 1 1 1 3 3 4 1 4 2 3 1 3 2 0 2 3 1 1 0 0 2 2 1 3 2 1 1
58 0.31 1 1 1 0 4 4 3 2 4 2 4 4 2 2 1 2 3 1 0 0 0 0 1 1 3 1 0 1
59 0.30 0 1 1 0 4 3 3 2 4 3 3 4 3 2 0 3 3 0 1 0 0 0 1 0 2 2 2 1
60 0.36 0 0 1 1 4 3 3 3 4 2 4 3 3 2 0 2 3 0 1 1 1 0 1 2 1 1 1 1
61 0.29 0 0 1 1 4 3 3 3 4 2 3 2 4 2 2 1 3 0 2 0 1 0 1 2 1 1 1 1
62 0.27 0 1 1 0 4 2 3 3 3 2 4 4 4 3 0 1 3 0 0 1 0 0 1 1 3 2 1 1
63 0.27 1 1 0 0 4 3 3 4 3 2 4 4 2 3 0 1 3 1 0 1 0 0 1 1 2 1 1 2
64 0.30 1 0 1 0 4 2 4 3 4 3 3 4 2 2 0 2 3 1 1 2 1 0 1 0 0 2 1 1
65 0.32 0 1 1 0 4 3 4 2 4 2 2 4 4 2 0 1 3 1 0 1 1 0 1 1 2 2 1 1
66 0.30 1 0 0 0 4 3 3 3 3 2 4 4 2 3 0 3 3 1 1 1 0 0 1 1 2 2 1 0
67 0.32 1 1 1 0 4 3 4 4 4 2 3 3 3 2 0 2 3 1 1 0 1 0 1 0 1 1 1 1
68 0.30 0 1 0 0 4 2 4 3 4 1 3 4 2 3 0 1 3 1 1 1 1 0 1 1 1 3 2 1
69 0.34 0 1 0 0 4 3 3 2 4 2 3 4 2 3 0 1 3 1 1 1 2 0 0 1 1 3 2 1
70 0.32 0 1 0 0 4 3 3 3 4 1 3 3 2 3 0 2 3 1 2 1 0 0 1 1 1 3 2 1
71 0.30 0 2 1 1 4 1 4 4 4 2 3 3 3 3 0 1 3 2 0 1 1 0 1 0 1 1 2 0
72 0.31 1 1 1 1 4 4 3 4 2 2 3 3 2 2 1 2 2 0 1 1 0 0 1 0 3 2 1 1
73 0.29 0 2 0 1 4 3 4 4 3 2 4 3 3 3 0 2 2 0 0 1 0 0 1 1 2 1 1 1
74 0.31 1 1 0 0 4 2 3 4 3 3 3 3 2 2 0 2 2 1 1 1 1 0 1 0 3 3 1 1
75 0.31 1 1 0 0 4 3 4 3 4 1 3 3 3 2 0 2 2 1 0 1 1 1 1 1 1 2 2 1
76 0.32 0 2 0 1 4 3 4 3 4 2 3 4 2 2 0 2 2 0 0 1 1 0 1 0 1 2 2 2
77 0.29 1 0 0 1 4 4 4 3 4 2 3 2 3 3 0 2 2 1 0 1 1 0 1 1 1 2 1 1
78 0.34 0 0 0 0 4 3 4 4 4 2 3 4 2 2 0 1 2 2 0 1 1 0 1 0 2 3 2 1
79 0.34 0 0 0 1 4 4 4 4 4 2 3 4 2 3 0 0 2 2 0 1 1 1 1 0 2 2 1 0
80 0.36 0 1 0 0 4 4 4 4 4 2 3 3 2 3 0 1 2 1 0 1 1 1 2 0 1 2 1 1
81 0.35 1 1 1 1 4 3 3 4 4 3 4 4 1 2 0 1 4 1 1 0 0 0 0 0 1 2 2 0
82 0.36 1 1 0 1 4 3 3 4 4 2 3 4 2 2 0 1 3 1 0 1 1 1 0 1 1 3 1 0
83 0.32 1 0 0 1 4 4 4 4 4 2 4 3 2 2 0 2 2 1 0 1 1 0 1 0 1 2 1 1
84 0.37 1 0 1 1 4 4 4 3 4 2 3 3 1 2 0 2 2 1 0 1 1 1 1 2 1 2 1 0
85 0.38 0 0 0 1 4 4 4 4 4 2 3 3 2 3 0 2 2 2 1 1 1 0 1 0 1 1 1 1
86 0.35 1 0 0 1 4 4 4 4 4 2 4 3 2 3 0 1 2 2 0 0 1 1 1 1 1 1 1 0
87 0.31 1 0 0 1 4 4 4 4 4 2 4 3 2 2 0 1 2 2 0 0 1 1 2 1 1 1 1 0
88 0.35 1 0 0 1 4 4 4 3 4 2 4 3 2 2 0 1 2 2 1 0 1 1 1 1 2 1 1 0
89 0.28 1 0 0 1 4 3 3 2 4 0 4 4 1 3 0 2 2 2 1 1 2 1 1 0 2 2 1 1
90 0.32 1 0 0 1 4 2 4 3 4 1 3 3 2 2 0 2 2 1 1 1 2 1 2 1 1 1 1 2
91 0.34 1 0 0 1 4 4 4 3 3 0 4 3 2 2 0 2 2 2 0 2 1 1 1 0 1 2 1 2
92 0.32 1 0 0 1 4 3 3 4 4 1 4 4 3 1 0 2 2 2 1 1 1 1 1 0 2 1 0 1
93 0.34 1 0 0 3 4 3 3 3 4 1 3 2 2 2 0 3 4 2 0 1 1 1 0 0 1 2 1 1
94 0.31 2 0 0 1 4 3 4 4 4 0 3 4 2 2 0 1 3 0 1 1 1 1 1 0 2 2 1 1
95 0.31 1 0 0 1 4 4 3 2 4 1 4 3 2 2 0 2 2 2 1 1 1 0 1 1 2 2 0 2
96 0.31 1 0 0 1 4 3 4 2 4 1 4 3 2 2 1 1 2 1 1 1 1 0 1 1 2 2 1 2
97 0.33 2 0 0 1 4 4 4 2 4 0 3 4 2 3 1 3 2 1 1 1 1 0 1 1 2 0 0 1
98 0.34 2 0 0 1 4 4 3 2 4 0 4 4 1 3 0 2 2 1 1 1 1 1 1 1 3 1 0 1
99 0.33 2 0 0 1 4 4 4 2 3 1 4 4 2 2 0 2 2 1 1 1 2 0 1 0 2 1 1 1
-1 0.40 1 1 1 1 4 4 4 3 4 1 4 3 2 2 0 1 3 1 0 0 1 1 1 0 1 2 1 1
